date_now: 2023-02-11 14:00:07
date_now_epoch: 1676120407963
date_now_day: 11
date_now_month: 2
date_now_year: 2023
date_start: 2023-02-11 00:00:00
date_end: 2023-02-11 23:59:59
price_low: 12.93300
price_high: 16.14700
price_median: 15.04350
price_average: 14.92050
price_current: 13.76300
price_unit: Cent/kWh
price_threshold_00: 12.93300
price_threshold_01: 12.95000
price_threshold_02: 13.76300
price_threshold_03: 14.00000
price_threshold_04: 14.00000
price_threshold_05: 14.01000
price_threshold_06: 14.01000
price_threshold_07: 14.58900
price_threshold_08: 14.67800
price_threshold_09: 14.70100
price_threshold_10: 14.86900
price_threshold_11: 15.00300
price_threshold_12: 15.08400
price_threshold_13: 15.45100
price_threshold_14: 15.47100
price_threshold_15: 15.49500
price_threshold_16: 15.50100
price_threshold_17: 15.77200
price_threshold_18: 15.79400
price_threshold_19: 15.89700
price_threshold_20: 15.89800
price_threshold_21: 15.99900
price_threshold_22: 16.07700
price_threshold_23: 16.14700
data_price_hour_rel_-14_amount: 15.99900
data_price_hour_abs_00_amount: 15.99900
data_price_hour_rel_-13_amount: 15.45100
data_price_hour_abs_01_amount: 15.45100
data_price_hour_rel_-12_amount: 15.00300
data_price_hour_abs_02_amount: 15.00300
data_price_hour_rel_-11_amount: 14.58900
data_price_hour_abs_03_amount: 14.58900
data_price_hour_rel_-10_amount: 14.67800
data_price_hour_abs_04_amount: 14.67800
data_price_hour_rel_-09_amount: 14.00000
data_price_hour_abs_05_amount: 14.00000
data_price_hour_rel_-08_amount: 15.49500
data_price_hour_abs_06_amount: 15.49500
data_price_hour_rel_-07_amount: 16.07700
data_price_hour_abs_07_amount: 16.07700
data_price_hour_rel_-06_amount: 15.89700
data_price_hour_abs_08_amount: 15.89700
data_price_hour_rel_-05_amount: 15.79400
data_price_hour_abs_09_amount: 15.79400
data_price_hour_rel_-04_amount: 14.70100
data_price_hour_abs_10_amount: 14.70100
data_price_hour_rel_-03_amount: 15.47100
data_price_hour_abs_11_amount: 15.47100
data_price_hour_rel_-02_amount: 14.00000
data_price_hour_abs_12_amount: 14.00000
data_price_hour_rel_-01_amount: 12.95000
data_price_hour_abs_13_amount: 12.95000
data_price_hour_rel_+00_amount: 13.76300
data_price_hour_abs_14_amount: 13.76300
data_price_hour_rel_+01_amount: 15.08400
data_price_hour_abs_15_amount: 15.08400
data_price_hour_rel_+02_amount: 15.89800
data_price_hour_abs_16_amount: 15.89800
data_price_hour_rel_+03_amount: 15.77200
data_price_hour_abs_17_amount: 15.77200
data_price_hour_rel_+04_amount: 16.14700
data_price_hour_abs_18_amount: 16.14700
data_price_hour_rel_+05_amount: 15.50100
data_price_hour_abs_19_amount: 15.50100
data_price_hour_rel_+06_amount: 14.86900
data_price_hour_abs_20_amount: 14.86900
data_price_hour_rel_+07_amount: 12.93300
data_price_hour_abs_21_amount: 12.93300
data_price_hour_rel_+08_amount: 14.01000
data_price_hour_abs_22_amount: 14.01000
data_price_hour_rel_+09_amount: 14.01000
data_price_hour_abs_23_amount: 14.01000
data_price_hour_rel_+10_amount: 12.80500
data_price_hour_rel_+11_amount: 12.69900
data_price_hour_rel_+12_amount: 13.14700
data_price_hour_rel_+13_amount: 12.80800
data_price_hour_rel_+14_amount: 12.85900
data_price_hour_rel_+15_amount: 12.83700
data_price_hour_rel_+16_amount: 13.41700
data_price_hour_rel_+17_amount: 13.62000
data_price_hour_rel_+18_amount: 14.94000
data_price_hour_rel_+19_amount: 14.59700
data_price_hour_rel_+20_amount: 14.55600
data_price_hour_rel_+21_amount: 14.00700
data_price_hour_rel_+22_amount: 12.98900
data_price_hour_rel_+23_amount: 12.00000
data_price_hour_rel_+24_amount: 12.00000
data_price_hour_rel_+25_amount: 12.46300
data_price_hour_rel_+26_amount: 13.51600
data_price_hour_rel_+27_amount: 15.85400
data_price_hour_rel_+28_amount: 16.95700
data_price_hour_rel_+29_amount: 17.08600
data_price_hour_rel_+30_amount: 16.22400
data_price_hour_rel_+31_amount: 15.19800
data_price_hour_rel_+32_amount: 15.50000
data_price_hour_rel_+33_amount: 14.32900